20 20 0 500
495 611 694 ### 000 000 000 ### ### ### 000 951 982 ### 772 000 ### ### 400 ### 
### ### 656 000 906 000 691 ### 078 140 ### ### 326 429 ### 000 ### 154 867 368 
082 296 236 078 951 000 000 874 ### ### ### 096 229 624 093 000 ### 000 ### ### 
572 000 ### 105 203 396 307 548 328 749 ### 369 259 177 145 003 000 236 174 000 
000 484 148 000 000 348 842 307 000 628 ### ### 000 000 ### 169 551 000 ### 553 
### 000 736 902 ### ### 000 879 942 512 851 184 000 000 000 ### 731 816 228 000 
000 000 000 ### ### 000 000 000 ### 560 573 507 646 716 000 137 232 ### 000 163 
962 934 338 ### 000 271 000 000 ### ### 000 ### ### 990 751 000 815 978 ### 693 
### 392 280 837 ### ### ### 287 059 978 000 ### 985 435 000 755 ### 000 920 000 
000 488 ### ### 000 280 063 640 000 ### 013 191 110 068 881 000 946 265 678 392 
000 ### ### 847 000 581 060 175 172 419 461 676 ### ### ### 802 356 000 037 000 
000 074 524 000 040 966 000 873 000 ### 000 000 042 810 000 397 675 785 000 ### 
000 ### 897 394 014 ### 251 205 ### ### 294 000 432 ### 667 383 295 ### ### 754 
775 402 503 000 ### 087 000 648 104 663 000 000 551 027 468 344 240 000 000 773 
### 000 ### 752 000 127 000 ### ### 000 000 000 ### 000 774 ### 208 069 000 728 
353 000 ### 000 ### 681 ### 878 ### ### 218 000 ### 702 000 579 455 136 074 712 
520 ### ### 167 423 958 ### ### 199 972 799 198 ### 000 000 596 030 586 514 355 
165 000 000 000 257 586 ### 642 000 ### 885 773 000 505 000 413 579 209 000 ### 
000 040 ### 000 831 676 265 000 714 943 879 781 ### ### 482 702 142 246 177 ### 
000 000 ### ### 975 ### 281 366 654 938 420 380 748 321 ### 088 000 748 823 ### 
