30 30 4 7
001 002 001 000 001 001 002 001 000 001 001 002 001 000 001 001 002 001 000 001 001 002 001 000 001 001 002 001 000 001
  001 002 001 000 001 001 002 001 000 001 001 002 001 000 001 001 002 001 000 001 001 002 001 000 001 001 002 001 000 001
001 002 001 000 001 001 002 001 000 001 001 002 001 000 001 001 002 001 000 001 001 002 001 000 001 001 002 001 000 001
  001 002 001 000 001 001 002 001 000 001 001 002 001 000 001 001 002 001 000 001 001 002 001 000 001 001 002 001 000 001
001 002 001 000 001 001 002 001 000 001 001 002 001 000 001 001 002 001 000 001 001 002 001 000 001 001 002 001 000 001
  001 002 001 000 001 001 002 001 000 001 001 002 001 000 001 001 002 001 000 001 001 002 001 000 001 001 002 001 000 001
001 002 001 000 001 001 002 001 000 001 001 002 001 000 001 001 002 001 000 001 001 002 001 000 001 001 002 001 000 001
  001 002 001 000 001 001 002 001 000 001 001 002 001 000 001 001 002 001 000 001 001 002 001 000 001 001 002 001 000 001
001 002 001 000 001 001 002 001 000 001 001 002 001 000 001 001 002 001 000 001 001 002 001 000 001 001 002 001 000 001
  001 002 001 000 001 001 002 001 000 001 001 002 001 000 001 001 002 001 000 001 001 002 001 000 001 001 002 001 000 001
001 002 001 000 001 001 002 001 000 001 001 002 001 000 001 001 002 001 000 001 001 002 001 000 001 001 002 001 000 001
  001 002 001 000 001 001 002 001 000 001 001 002 001 000 001 001 002 001 000 001 001 002 001 000 001 001 002 001 000 001
001 002 001 000 001 001 002 001 000 001 001 002 001 000 001 001 002 001 000 001 001 002 001 000 001 001 002 001 000 001
  001 002 001 000 001 001 002 001 000 001 001 002 001 000 001 001 002 001 000 001 001 002 001 000 001 001 002 001 000 001
001 002 001 000 001 001 002 001 000 001 001 002 001 000 001 001 002 001 000 001 001 002 001 000 001 001 002 001 000 001
  001 002 001 000 001 001 002 001 000 001 001 002 001 000 001 001 002 001 000 001 001 002 001 000 001 001 002 001 000 001
001 002 001 000 001 001 002 001 000 001 001 002 001 000 001 001 002 001 000 001 001 002 001 000 001 001 002 001 000 001
  001 002 001 000 001 001 002 001 000 001 001 002 001 000 001 001 002 001 000 001 001 002 001 000 001 001 002 001 000 001
001 002 001 000 001 001 002 001 000 001 001 002 001 000 001 001 002 001 000 001 001 002 001 000 001 001 002 001 000 001
  001 002 001 000 001 001 002 001 000 001 001 002 001 000 001 001 002 001 000 001 001 002 001 000 001 001 002 001 000 001
001 002 001 000 001 001 002 001 000 001 001 002 001 000 001 001 002 001 000 001 001 002 001 000 001 001 002 001 000 001
  001 002 001 000 001 001 002 001 000 001 001 002 001 000 001 001 002 001 000 001 001 002 001 000 001 001 002 001 000 001
001 002 001 000 001 001 002 001 000 001 001 002 001 000 001 001 002 001 000 001 001 002 001 000 001 001 002 001 000 001
  001 002 001 000 001 001 002 001 000 001 001 002 001 000 001 001 002 001 000 001 001 002 001 000 001 001 002 001 000 001
001 002 001 000 001 001 002 001 000 001 001 002 001 000 001 001 002 001 000 001 001 002 001 000 001 001 002 001 000 001
  001 002 001 000 001 001 002 001 000 001 001 002 001 000 001 001 002 001 000 001 001 002 001 000 001 001 002 001 000 001
001 002 001 000 001 001 002 001 000 001 001 002 001 000 001 001 002 001 000 001 001 002 001 000 001 001 002 001 000 001
  001 002 001 000 001 001 002 001 000 001 001 002 001 000 001 001 002 001 000 001 001 002 001 000 001 001 002 001 000 001
001 002 001 000 001 001 002 001 000 001 001 002 001 000 001 001 002 001 000 001 001 002 001 000 001 001 002 001 000 001
  001 002 001 000 001 001 002 001 000 001 001 002 001 000 001 001 002 001 000 001 001 002 001 000 001 001 002 001 000 001